start=3.586917
speed=1.610510
