start=2717.200000
speed=2.143589
pause=yes
volume=80.000000
fullscreen=yes
